1	86	199	218	169	56	37	2	1	2	1	0	0	779.65	1	1
2	86	199	218	169	56	37	1	2	1	1	0	0	458.48	0	2
3	86	199	218	169	56	37	1	2	1	1	0	0	371.54	1	3
4	86	199	218	169	56	37	1	2	1	1	0	0	368.29	1	4
5	86	199	218	169	56	37	1	2	1	1	0	0	282.04	1	5
6	86	199	218	169	56	37	1	2	1	1	0	0	284.31	1	6
7	86	199	218	169	56	37	1	2	1	1	0	0	355.55	0	7
8	86	199	218	169	56	37	1	2	1	1	0	0	349.69	1	8
9	86	199	218	169	56	37	2	1	2	1	0	0	375.04	1	9
10	86	199	218	169	56	37	1	2	1	1	0	0	386.14	1	10
11	86	199	218	169	56	37	2	1	2	1	0	0	410.83	1	11
12	86	199	218	169	56	37	1	2	1	1	0	0	355.23	1	12
13	86	199	218	169	56	37	2	1	2	1	0	0	320.5	1	13
14	86	199	218	169	56	37	2	1	2	1	0	0	335.83	1	14
15	86	199	218	169	56	37	2	1	2	1	0	0	434.54	0	15
16	86	199	218	169	56	37	2	1	2	1	0	0	327.74	1	16
17	86	199	218	169	56	37	1	2	1	1	0	0	379.67	0	17
18	86	199	218	169	56	37	1	2	1	1	0	0	402.15	1	18
19	86	199	218	169	56	37	2	1	2	1	0	0	341.41	1	19
20	86	199	218	169	56	37	1	2	1	1	0	0	346.63	1	20
1	220	222	255	35	33	0	1	2	1	1	0	0	664.91	0	1
2	220	222	255	35	33	0	1	2	2	2	0	0	381.95	0	1
3	220	222	255	35	33	0	2	1	1	2	0	0	556.57	0	1
4	220	222	255	35	33	0	1	2	1	1	0	0	344.16	0	2
5	220	222	255	35	33	0	1	2	1	1	0	0	362.15	1	3
6	220	222	255	35	33	0	2	1	2	1	0	0	296.77	1	4
7	220	222	255	35	33	0	2	1	2	1	0	0	376.89	1	5
8	220	222	255	35	33	0	2	1	2	1	0	0	417.49	1	6
9	220	222	255	35	33	0	2	1	2	1	0	0	433.2	1	7
10	220	222	255	35	33	0	2	1	2	1	0	0	461.71	1	8
11	220	222	255	35	33	0	1	2	1	1	0	0	331.02	1	9
12	220	222	255	35	33	0	1	2	1	1	0	0	355.7	0	10
13	220	222	255	35	33	0	1	2	1	1	0	0	338.3	0	11
14	220	222	255	35	33	0	1	2	1	1	0	0	311.58	0	12
15	220	222	255	35	33	0	1	2	1	1	0	0	287.01	0	13
16	220	222	255	35	33	0	2	1	2	1	0	0	307.57	0	14
17	220	222	255	35	33	0	2	1	1	2	0	0	349.05	0	14
18	220	222	255	35	33	0	2	1	2	1	0	0	390.39	1	15
19	220	222	255	35	33	0	2	1	2	1	0	0	313.46	1	16
20	220	222	255	35	33	0	2	1	2	1	0	0	415.59	0	17
1	223	71	17	32	184	238	1	2	2	2	0	0	304.55	0	0
2	223	71	17	32	184	238	1	2	2	2	0	0	339.43	0	0
3	223	71	17	32	184	238	2	1	2	1	0	0	291.95	1	1
4	223	71	17	32	184	238	2	1	2	1	0	0	306.59	0	2
5	223	71	17	32	184	238	2	1	2	1	0	0	372.63	1	3
6	223	71	17	32	184	238	1	2	1	1	0	0	323.26	0	4
7	223	71	17	32	184	238	1	2	1	1	0	0	397.23	1	5
8	223	71	17	32	184	238	1	2	1	1	0	0	371.4	0	6
9	223	71	17	32	184	238	1	2	1	1	0	0	328.61	0	7
10	223	71	17	32	184	238	1	2	1	1	0	0	377.18	1	8
11	223	71	17	32	184	238	1	2	1	1	0	0	358.41	0	9
12	223	71	17	32	184	238	2	1	2	1	0	0	362.29	0	10
13	223	71	17	32	184	238	1	2	1	1	0	0	354.28	1	11
14	223	71	17	32	184	238	2	1	2	1	0	0	297.65	0	12
15	223	71	17	32	184	238	2	1	2	1	0	0	299.61	0	13
16	223	71	17	32	184	238	2	1	2	1	0	0	351.04	0	14
17	223	71	17	32	184	238	2	1	2	1	0	0	279.01	0	15
18	223	71	17	32	184	238	1	2	1	1	0	0	385.96	0	16
19	223	71	17	32	184	238	2	1	2	1	0	0	264.42	1	17
20	223	71	17	32	184	238	2	1	2	1	0	0	295.79	1	18
1	11	162	16	244	93	239	2	1	1	2	0	0	248.12	0	0
2	11	162	16	244	93	239	2	1	2	1	0	0	397.11	1	1
3	11	162	16	244	93	239	2	1	2	1	0	0	404.29	1	2
4	11	162	16	244	93	239	2	1	2	1	0	0	331.57	1	3
5	11	162	16	244	93	239	1	2	1	1	0	0	327.41	0	4
6	11	162	16	244	93	239	2	1	2	1	0	0	406	0	5
7	11	162	16	244	93	239	1	2	1	1	0	0	368.49	0	6
8	11	162	16	244	93	239	2	1	2	1	0	0	349.77	1	7
9	11	162	16	244	93	239	1	2	1	1	0	0	423.85	0	8
10	11	162	16	244	93	239	2	1	2	1	0	0	291.84	1	9
11	11	162	16	244	93	239	1	2	1	1	0	0	356.4	0	10
12	11	162	16	244	93	239	2	1	2	1	0	0	418.18	0	11
13	11	162	16	244	93	239	2	1	2	1	0	0	354.73	1	12
14	11	162	16	244	93	239	2	1	2	1	0	0	310.77	1	13
15	11	162	16	244	93	239	2	1	2	1	0	0	351.25	0	14
16	11	162	16	244	93	239	1	2	1	1	0	0	347.19	1	15
17	11	162	16	244	93	239	2	1	2	1	0	0	429.23	1	16
18	11	162	16	244	93	239	2	1	2	1	0	0	462.39	1	17
19	11	162	16	244	93	239	2	1	2	1	0	0	456.11	1	18
20	11	162	16	244	93	239	1	2	1	1	0	0	375.15	0	19
1	29	250	178	226	5	77	2	1	2	1	0	0	310.77	0	1
2	29	250	178	226	5	77	1	2	2	2	0	0	394.85	0	1
3	29	250	178	226	5	77	2	1	2	1	0	0	347.4	1	2
4	29	250	178	226	5	77	1	2	1	1	0	0	360.54	0	3
5	29	250	178	226	5	77	1	2	1	1	0	0	400.13	1	4
6	29	250	178	226	5	77	1	2	1	1	0	0	383.86	0	5
7	29	250	178	226	5	77	2	1	2	1	0	0	393.58	0	6
8	29	250	178	226	5	77	2	1	2	1	0	0	376.18	1	7
9	29	250	178	226	5	77	1	2	1	1	0	0	324.72	1	8
10	29	250	178	226	5	77	1	2	1	1	0	0	365.62	1	9
11	29	250	178	226	5	77	1	2	1	1	0	0	401.32	1	10
12	29	250	178	226	5	77	1	2	1	1	0	0	384.78	1	11
13	29	250	178	226	5	77	2	1	2	1	0	0	356.55	0	12
14	29	250	178	226	5	77	1	2	1	1	0	0	415.77	1	13
15	29	250	178	226	5	77	2	1	2	1	0	0	434.74	1	14
16	29	250	178	226	5	77	1	2	1	1	0	0	360.02	0	15
17	29	250	178	226	5	77	1	2	1	1	0	0	542.04	1	16
18	29	250	178	226	5	77	2	1	2	1	0	0	381.68	0	17
19	29	250	178	226	5	77	1	2	1	1	0	0	503.24	1	18
20	29	250	178	226	5	77	2	1	2	1	0	0	402.22	0	19
