1	14	210	75	241	45	180	2	1	1	2	0	0	497.58	0	0
2	14	210	75	241	45	180	1	2	1	1	0	0	517.47	1	1
3	14	210	75	241	45	180	1	2	1	1	0	0	430.6	0	2
4	14	210	75	241	45	180	2	1	1	2	0	0	383.04	0	2
5	14	210	75	241	45	180	1	2	1	1	0	0	4.178	1	3
6	14	210	75	241	45	180	2	1	2	1	0	0	293.89	1	4
7	14	210	75	241	45	180	1	2	1	1	0	0	306.75	0	5
8	14	210	75	241	45	180	1	2	1	1	0	0	475.99	1	6
9	14	210	75	241	45	180	1	2	1	1	0	0	466.94	1	7
10	14	210	75	241	45	180	1	2	1	1	0	0	774.13	0	8
11	14	210	75	241	45	180	2	1	2	1	0	0	315.58	1	9
12	14	210	75	241	45	180	1	2	1	1	0	0	326.99	1	10
13	14	210	75	241	45	180	2	1	2	1	0	0	106.57	1	11
14	14	210	75	241	45	180	1	2	1	1	0	0	369.89	1	12
15	14	210	75	241	45	180	1	2	1	1	0	0	43.346	1	13
16	14	210	75	241	45	180	2	1	2	1	0	0	50.633	1	14
17	14	210	75	241	45	180	2	1	2	1	0	0	98.258	0	15
18	14	210	75	241	45	180	2	1	1	2	0	0	351.66	0	15
19	14	210	75	241	45	180	2	1	2	1	0	0	233.75	0	16
20	14	210	75	241	45	180	2	1	2	1	0	0	634.48	1	17
1	129	114	211	126	141	44	2	1	1	2	0	0	17.855	0	0
2	129	114	211	126	141	44	2	1	2	1	0	0	258.83	0	1
3	129	114	211	126	141	44	2	1	2	1	0	0	288.33	0	2
4	129	114	211	126	141	44	1	2	2	2	0	0	283.05	0	2
5	129	114	211	126	141	44	2	1	1	2	0	0	254.52	0	2
6	129	114	211	126	141	44	2	1	2	1	0	0	280.51	1	3
7	129	114	211	126	141	44	1	2	1	1	0	0	306.64	0	4
8	129	114	211	126	141	44	2	1	0	-1	1	1	0	-1	4
9	129	114	211	126	141	44	1	2	1	1	0	0	331.64	0	5
10	129	114	211	126	141	44	1	2	1	1	0	0	325.62	1	6
11	129	114	211	126	141	44	1	2	1	1	0	0	447.75	0	7
12	129	114	211	126	141	44	1	2	1	1	0	0	496.16	1	8
13	129	114	211	126	141	44	2	1	2	1	0	0	475.95	1	9
14	129	114	211	126	141	44	2	1	2	1	0	0	457.1	0	10
15	129	114	211	126	141	44	1	2	1	1	0	0	371.7	1	11
16	129	114	211	126	141	44	2	1	2	1	0	0	415.6	1	12
17	129	114	211	126	141	44	1	2	1	1	0	0	568.63	1	13
18	129	114	211	126	141	44	2	1	2	1	0	0	436.19	1	14
19	129	114	211	126	141	44	1	2	1	1	0	0	455.42	1	15
20	129	114	211	126	141	44	2	1	2	1	0	0	424.36	1	16
1	101	142	193	154	113	62	2	1	1	2	0	0	5.451	0	0
2	101	142	193	154	113	62	1	2	1	1	0	0	348.59	0	1
3	101	142	193	154	113	62	2	1	1	2	0	0	440.53	0	1
4	101	142	193	154	113	62	1	2	1	1	0	0	360.87	1	2
5	101	142	193	154	113	62	1	2	1	1	0	0	267.5	1	3
6	101	142	193	154	113	62	1	2	1	1	0	0	827.34	0	4
7	101	142	193	154	113	62	2	1	2	1	0	0	352.72	0	5
8	101	142	193	154	113	62	1	2	1	1	0	0	339.44	1	6
9	101	142	193	154	113	62	2	1	2	1	0	0	443.39	1	7
10	101	142	193	154	113	62	2	1	2	1	0	0	283.14	0	8
11	101	142	193	154	113	62	1	2	1	1	0	0	329.89	1	9
12	101	142	193	154	113	62	2	1	2	1	0	0	297.84	1	10
13	101	142	193	154	113	62	2	1	2	1	0	0	310.38	1	11
14	101	142	193	154	113	62	2	1	2	1	0	0	280.42	0	12
15	101	142	193	154	113	62	1	2	1	1	0	0	294.41	1	13
16	101	142	193	154	113	62	2	1	1	2	0	0	515.21	0	13
17	101	142	193	154	113	62	1	2	1	1	0	0	327.01	1	14
18	101	142	193	154	113	62	1	2	1	1	0	0	321.35	1	15
19	101	142	193	154	113	62	1	2	1	1	0	0	315.2	1	16
20	101	142	193	154	113	62	2	1	2	1	0	0	238.59	0	17
1	66	75	65	189	180	190	2	1	1	2	0	0	35.961	0	0
2	66	75	65	189	180	190	1	2	1	1	0	0	240.18	1	1
3	66	75	65	189	180	190	1	2	1	1	0	0	173.79	1	2
4	66	75	65	189	180	190	1	2	1	1	0	0	266.01	1	3
5	66	75	65	189	180	190	1	2	1	1	0	0	267.93	1	4
6	66	75	65	189	180	190	1	2	1	1	0	0	252.02	1	5
7	66	75	65	189	180	190	1	2	1	1	0	0	355.84	1	6
8	66	75	65	189	180	190	1	2	1	1	0	0	293.94	0	7
9	66	75	65	189	180	190	2	1	2	1	0	0	281.37	1	8
10	66	75	65	189	180	190	2	1	2	1	0	0	312.69	0	9
11	66	75	65	189	180	190	1	2	1	1	0	0	342.63	0	10
12	66	75	65	189	180	190	2	1	2	1	0	0	26.544	1	11
13	66	75	65	189	180	190	1	2	1	1	0	0	296.95	1	12
14	66	75	65	189	180	190	2	1	2	1	0	0	479.57	1	13
15	66	75	65	189	180	190	1	2	1	1	0	0	478.67	1	14
16	66	75	65	189	180	190	1	2	1	1	0	0	268.33	1	15
17	66	75	65	189	180	190	1	2	1	1	0	0	657.11	1	16
18	66	75	65	189	180	190	1	2	1	1	0	0	291.36	1	17
19	66	75	65	189	180	190	1	2	1	1	0	0	262.81	1	18
20	66	75	65	189	180	190	2	1	2	1	0	0	119.43	0	19
1	223	187	139	32	68	116	2	1	2	1	0	0	302.02	1	1
2	223	187	139	32	68	116	2	1	2	1	0	0	0.080109	0	2
3	223	187	139	32	68	116	2	1	2	1	0	0	260.8	1	3
4	223	187	139	32	68	116	1	2	1	1	0	0	273.95	0	4
5	223	187	139	32	68	116	2	1	2	1	0	0	336.21	0	5
6	223	187	139	32	68	116	1	2	1	1	0	0	240.24	1	6
7	223	187	139	32	68	116	2	1	2	1	0	0	501.06	0	7
8	223	187	139	32	68	116	1	2	2	2	0	0	379.26	1	7
9	223	187	139	32	68	116	1	2	2	2	0	0	477.25	0	7
10	223	187	139	32	68	116	1	2	2	2	0	0	783.69	0	7
11	223	187	139	32	68	116	2	1	2	1	0	0	803.07	1	8
12	223	187	139	32	68	116	1	2	1	1	0	0	338.74	1	9
13	223	187	139	32	68	116	1	2	1	1	0	0	275.35	0	10
14	223	187	139	32	68	116	1	2	1	1	0	0	256.57	1	11
15	223	187	139	32	68	116	1	2	1	1	0	0	258.07	1	12
16	223	187	139	32	68	116	1	2	0	-1	1	1	0	-1	12
17	223	187	139	32	68	116	1	2	1	1	0	0	320.38	0	13
18	223	187	139	32	68	116	1	2	1	1	0	0	929.09	1	14
19	223	187	139	32	68	116	1	2	1	1	0	0	256.25	1	15
20	223	187	139	32	68	116	1	2	1	1	0	0	169.66	0	16
