1	193	216	183	62	39	72	2	1	1	2	0	0	83.66	0	0
2	193	216	183	62	39	72	1	2	2	2	0	0	44.002	1	0
3	193	216	183	62	39	72	1	2	2	2	0	0	0.23913	0	0
4	193	216	183	62	39	72	2	1	0	-1	1	1	0	-1	0
5	193	216	183	62	39	72	1	2	2	2	0	0	165.3	0	0
6	193	216	183	62	39	72	1	2	2	2	0	0	84.674	0	0
7	193	216	183	62	39	72	2	1	0	-1	1	1	0	-1	0
8	193	216	183	62	39	72	1	2	2	2	0	0	26.708	0	0
9	193	216	183	62	39	72	1	2	2	2	0	0	60.397	0	0
10	193	216	183	62	39	72	2	1	1	2	0	0	177.44	0	0
11	193	216	183	62	39	72	1	2	2	2	0	0	50.304	0	0
12	193	216	183	62	39	72	2	1	0	-1	1	1	0	-1	0
13	193	216	183	62	39	72	2	1	2	1	0	0	309.24	0	1
14	193	216	183	62	39	72	2	1	2	1	0	0	89.176	0	2
15	193	216	183	62	39	72	2	1	2	1	0	0	24.756	1	3
16	193	216	183	62	39	72	2	1	2	1	0	0	135.18	1	4
17	193	216	183	62	39	72	2	1	2	1	0	0	242.31	0	5
18	193	216	183	62	39	72	2	1	0	-1	1	1	0	-1	5
19	193	216	183	62	39	72	1	2	1	1	0	0	297.71	0	6
20	193	216	183	62	39	72	1	2	1	1	0	0	124.44	1	7
1	51	72	80	204	183	175	1	2	2	2	0	0	445.81	0	0
2	51	72	80	204	183	175	1	2	1	1	0	0	5.8	1	1
3	51	72	80	204	183	175	1	2	1	1	0	0	1.9419	1	2
4	51	72	80	204	183	175	1	2	1	1	0	0	409.78	0	3
5	51	72	80	204	183	175	2	1	2	1	0	0	186.86	1	4
6	51	72	80	204	183	175	1	2	1	1	0	0	268.19	0	5
7	51	72	80	204	183	175	2	1	2	1	0	0	379.6	1	6
8	51	72	80	204	183	175	1	2	1	1	0	0	1117.3	1	7
9	51	72	80	204	183	175	1	2	1	1	0	0	302.32	1	8
10	51	72	80	204	183	175	2	1	2	1	0	0	125.66	0	9
11	51	72	80	204	183	175	1	2	1	1	0	0	327.99	0	10
12	51	72	80	204	183	175	2	1	2	1	0	0	98.683	0	11
13	51	72	80	204	183	175	2	1	2	1	0	0	318.47	1	12
14	51	72	80	204	183	175	1	2	1	1	0	0	327.16	1	13
15	51	72	80	204	183	175	1	2	1	1	0	0	345.87	1	14
16	51	72	80	204	183	175	1	2	1	1	0	0	362.47	1	15
17	51	72	80	204	183	175	2	1	2	1	0	0	299.9	1	16
18	51	72	80	204	183	175	1	2	1	1	0	0	823.25	0	17
19	51	72	80	204	183	175	2	1	2	1	0	0	294.56	0	18
20	51	72	80	204	183	175	1	2	1	1	0	0	512.56	1	19
1	220	146	212	35	109	43	2	1	2	1	0	0	614.2	0	1
2	220	146	212	35	109	43	1	2	1	1	0	0	30.978	1	2
3	220	146	212	35	109	43	1	2	1	1	0	0	145.4	0	3
4	220	146	212	35	109	43	1	2	0	-1	1	1	0	-1	3
5	220	146	212	35	109	43	2	1	2	1	0	0	104.08	1	4
6	220	146	212	35	109	43	2	1	2	1	0	0	462.28	1	5
7	220	146	212	35	109	43	1	2	1	1	0	0	32.007	1	6
8	220	146	212	35	109	43	1	2	1	1	0	0	317.33	0	7
9	220	146	212	35	109	43	1	2	1	1	0	0	362.39	0	8
10	220	146	212	35	109	43	2	1	2	1	0	0	164.54	0	9
11	220	146	212	35	109	43	1	2	1	1	0	0	772.1	1	10
12	220	146	212	35	109	43	1	2	1	1	0	0	631.37	0	11
13	220	146	212	35	109	43	1	2	1	1	0	0	343.58	1	12
14	220	146	212	35	109	43	1	2	1	1	0	0	325.5	1	13
15	220	146	212	35	109	43	1	2	1	1	0	0	406.81	1	14
16	220	146	212	35	109	43	1	2	1	1	0	0	306.02	1	15
17	220	146	212	35	109	43	1	2	1	1	0	0	234.68	1	16
18	220	146	212	35	109	43	1	2	1	1	0	0	398.79	1	17
19	220	146	212	35	109	43	2	1	2	1	0	0	300.68	0	18
20	220	146	212	35	109	43	2	1	2	1	0	0	283.37	0	19
1	237	112	35	18	143	220	2	1	1	2	0	0	653.77	1	0
2	237	112	35	18	143	220	1	2	2	2	0	0	162.07	0	0
3	237	112	35	18	143	220	2	1	1	2	0	0	0.085831	0	0
4	237	112	35	18	143	220	1	2	2	2	0	0	297.76	0	0
5	237	112	35	18	143	220	2	1	1	2	0	0	414.88	0	0
6	237	112	35	18	143	220	1	2	1	1	0	0	0.14615	0	1
7	237	112	35	18	143	220	1	2	0	-1	1	1	0	-1	1
8	237	112	35	18	143	220	1	2	1	1	0	0	378.4	0	2
9	237	112	35	18	143	220	1	2	1	1	0	0	342.15	1	3
10	237	112	35	18	143	220	1	2	1	1	0	0	613.4	1	4
11	237	112	35	18	143	220	2	1	2	1	0	0	409.15	1	5
12	237	112	35	18	143	220	1	2	1	1	0	0	865.73	0	6
13	237	112	35	18	143	220	2	1	2	1	0	0	217.02	1	7
14	237	112	35	18	143	220	2	1	2	1	0	0	425.62	0	8
15	237	112	35	18	143	220	2	1	2	1	0	0	393.6	0	9
16	237	112	35	18	143	220	2	1	2	1	0	0	614.79	0	10
17	237	112	35	18	143	220	2	1	2	1	0	0	641.22	1	11
18	237	112	35	18	143	220	1	2	1	1	0	0	314.06	1	12
19	237	112	35	18	143	220	2	1	2	1	0	0	583.74	0	13
20	237	112	35	18	143	220	1	2	1	1	0	0	478.83	1	14
1	83	238	154	172	17	101	1	2	1	1	0	0	513.73	1	1
2	83	238	154	172	17	101	2	1	2	1	0	0	45.501	1	2
3	83	238	154	172	17	101	1	2	0	-1	1	1	0	-1	2
4	83	238	154	172	17	101	1	2	1	1	0	0	525	1	3
5	83	238	154	172	17	101	1	2	1	1	0	0	957.39	1	4
6	83	238	154	172	17	101	1	2	1	1	0	0	597.87	0	5
7	83	238	154	172	17	101	1	2	1	1	0	0	477.65	0	6
8	83	238	154	172	17	101	2	1	2	1	0	0	342.05	1	7
9	83	238	154	172	17	101	2	1	2	1	0	0	481.77	1	8
10	83	238	154	172	17	101	2	1	2	1	0	0	254.74	1	9
11	83	238	154	172	17	101	2	1	2	1	0	0	924.31	1	10
12	83	238	154	172	17	101	1	2	1	1	0	0	490.68	1	11
13	83	238	154	172	17	101	1	2	1	1	0	0	533.23	1	12
14	83	238	154	172	17	101	1	2	1	1	0	0	560.29	0	13
15	83	238	154	172	17	101	1	2	1	1	0	0	569.9	0	14
16	83	238	154	172	17	101	2	1	2	1	0	0	641.59	0	15
17	83	238	154	172	17	101	2	1	2	1	0	0	322.36	1	16
18	83	238	154	172	17	101	2	1	2	1	0	0	535.58	1	17
19	83	238	154	172	17	101	2	1	2	1	0	0	343.47	0	18
20	83	238	154	172	17	101	1	2	1	1	0	0	304.82	1	19
